
002957
002966
300785
300786
600302
600303
600305
600306
600307
600308
600309
600310
600311
600312
600313
600315
600316
600317
600318
600319
600320
600321
600322
600323
600325
600326
600327
600328
600329
600330
600331
600332
600333
600335
600336
600337
600338
600339
600340
600343
600345
600346
600348
600350
600351
600352
600353
600354
600355
600356
600358
600359
600360
600361
600362
600363
600365
600366
600367
600368
600369
600370
600371
600372
600373
600375
600376
600377
600378
600379
600380
600381
600382
600383
600385
600386
600387
600388
600389
600390
600391
600392
600393
600395
600396
600397
600398
600399
600400
600403
600405
600406
600408
600409
600410
600415
600416
600418
600419
600776
600776
600776
600776
600776
600776
002957
002966
300785
300786
603236
603256
603279
603530
603613
603687
603983
688001
688002
688003
688005
688006
688007
688008
688009
688010
688011
688012
688015
688016
688018
688019
688020
688022
688028
688029
688033
688066
688088
688122
688333
688388
002957
002959
002966
300785
300786
603236
603256
603279
603530
603613
603687
603983
688001
688002
688003
688005
688006
688007
688008
688009
688010
688011
688012
688015
688016
688018
688019
688020
688022
688028
688029
688033
688066
688088
688122
688333
688388
002957
002959
002966
300785
300786
603236
603256
603279
603530
603613
603687
603983
688001
688002
688003
688005
688006
688007
688008
688009
688010
688011
688012
688015
688016
688018
688019
688020
688022
688028
688029
688033
688066
688088
688122
688333
688388